370000006000612009060073054000150000786320000020060473802746000450000960007000842
781002000500419008200000153423600010170040625000107080342700000000050839000361700
005040306430000970080710000694000000200897040000400029823004005049005008000108004
210605094789001560506892010070900658095487000830150079004060701007534906308010205
100003972027506803384720100200040716009350080700061309071002490863100027000875001
205001970970805026800002530426900050300140602700050349007620000082000795090070264
824006010010487050000021460540200103390104007081703006902040681463810200000672904
306079058900051470547006100093502001850060320060138795005790683600810502438600000
504000609000043857070098004040056098961000075000739000605000740000375000290400500
320000008090060304000450091000748010608030057702605830000304780287006100035007900
105000020702460005008512437851000600270635800690701500010027050587006209020058764
000002467054708100061004805400827001608500002105940078000239700397080000042070530
002089007001750008000060430978100000000800592250900701540008000000037865800502000
001530246043100007008904005020785014080092050675000082400869500850010470902450300
020317000476800130000000875003642010201000356608150720000001467514060003300284000
000029816602008004400001005000056908091270500076980001900002037268300050000690000
084006000019008037605000814540070208120090300000320751458100070900400183001289000
500010648807340010210085090400008765785400901039700084046070809000192000072004150
200879001000020687378400500092713008184000003037208915000500829023097150945182030
196003204004096107203014900300140089420309010900805340019400803730020091042931006
010350090080496051956010300074009168091708000805001974107000409200060780000974602
003800094007009063006013008038000501700921800010080907254000070300596080800700315
300467500400050306156000470500800910087640030030975084009084703023506009845003102
250380607809000304006075201482501000007060940605703020020638510560210473910400062
004900370005076000078050916530800060000600891810407000600709238980002107740183609
700510008120080675358040021003005867572806090006794500030458200095200703080973400
000203789750000104093107005008314900904000310031978000405000090000061040307005821
401000058002950007009610000230005709090706340074139800820001093600097482940083071
005367400840905300060008057600032048758094003400850000000400825000500930589000600
928100403040962008000034295010029830530000946000643502800405720297301000104200080
002710835517082000006054071600538104320009560104060903090600418281405006463890000
009418050610000408804600130203004060000000583000830004098003040450082000000000875
214000030060320800070910520005739002007000315432065000720458000900073284300290600
500006801809003506706548000963050000080070620000461089095204037070935400320600058
103004009000006324409000005630809050000500016802010403076983000340270900008000230
000045187070010309018070000003401050106500000050300814500080091004006003200009000
000690000400200761862070050173042609095003407004719032700084120541000000000106374
810097040000004287054860000400509308900480076183700004038941750041005830007008461
620040080018000023000980060280000641006804002009106000864000300000637800300000206
000090410782006000040308067064012793009430126123069004297500640400600905605970302
300617080926000037007903560009000758070148900862050000090061302200890605645070001
000600503413000200080723400900050026728036040050070010000308604845007000009015872
200301780503408020098000435020583900030902018700040053000824300364005002010600540
107009082004072130902361700051924003640000925000035410000790206478200091290403500
015070692070015000060020057003700800009400376781930000000060924506003000820007000
000487500094000730018590400985300104120000007000809052249000080000061000001000975
000153007003790601179000805000572089980031050500809210001000903896000500000027008
403680710000310500076000300010843007034070001090001034300104085800039070509000063
100580090745000100600300540006450980008000250000190060060923005430005029090006003
850392000040100028302408010005020987008914000926070003280000706090706400567209000
060050004000691235295000100500903670007026300639000510042060091006109803001372050
103400700080671039709800261050218970002003516391007002638752000010080620520006387
060793020370108950849000130700580040000009382498600000000916000901020408037000201
001069504087425030504307802100983400200570600870040315410298050050700086038000249
037205860526080307009067100005002683700698050268500900350900018670050092000714006
130080067408002900090100248204090003300217690076000125749021000020675009501930082
413020000000070352200036104569002000030700085000051230050407006091200000000503007
000539200050104300963700500130050970076090038009387001600975000000000746217003000
821007000007020058000843720053901400609400507012706300060090275000614000938000006
000961738360580190918307060702000480004008653003410900030156072520000009870093046
000518063196030007350006410603751004700300586400860301572000600060405738034697020
312740080900826003670300024740213800265004100000007940000438071183000000000009368
436000009105034026000516030603491200004607500002000401040050618000143900270000000
001350007503090621869001000916508700782000965000967008020739100138602000090100340
001009380703065900090783600175900003840601005000800042420010070517096030900570216
050147000010000284643008010102063800800050401400000906000516090021900003560300148
610070930700193020340000718000280179267410000080507402006041897093008206004962001
820400005300869000040500891004690000290040750060750249001905003006284007052006900
046070100028000697007061080583700060400312008700806034070409002001680749890027000
742031080836070510001846073023600705978000062000127008360208407417300820000704630
000729008509000213628050009090015820010008306840007000000470530402300060003500480
300867002008000793205001060007129006006080237582670000050218600840000325620305800
006813500030005216751020000010076030328000650000050042003500821465002003100937005
307400802004005603008237400090000507010094000030058069600570230240900050500340080
009780025007021893283090007900178030600002040715300980046000378390807200070504100
006008573008176090974000160890702300300805907200901600719520030050387019480010752
049000807205004009070501000000000983790130005503920400452000010010045230300712090
000005069600009027809003010500031900916000502004050100060290000050347000090000083
000102876061009000723006000652000407400020509000854002076000214134200000000740050
369100005010384000000560073503000267971030000200745930607000459000453026402007300
000408205240300981500029004000680540135000000004935120008063459003892010019040802
023000809480001705957602000600547080830100470702860501000314050504090208079050014
035908000020304500080000123006487002058039401479050008000041290892073010740290030
002914060000726034074080090008671300100090500297850100020109457730008002541000903
407053008010089403080001209073500046258670000006130520860315000721000080500800164
006809007193600008008510903860005010020104050010008376900050780500283000600090400
751804069060195000490062851370581000800070136000040785507300090089406300004900518
100760025240350079579014080802905000095000213304107058050473800028001537930002600
906020134400190208821064000005201697197800040000905013000482370538700000740600981
351240000900716002000300418010004687036072504574009100083060075005420036762853000
134800200907300410008940030080609005090534701753008046200485100046000572300026000
070004063390065207508723004200430610839070050000852070403596000900307806016040930
049010026000278095725090008100403500008901360506000941980530614054189003210006850
000845900004020138709010502560203010290051367031607005070000823126500090043972000
310006509020803040009410362200069003931708000807500014650080400090051720100020630
207004508400960700100078390741680250062751400830400010079142006020006105618000042
002000543791400200005268000630000159028156000050340026500624090470000630010003485
600000259790102030523009000079000306036010700000370008261000403000431500300060017
401760030830501067570309048243070900007030654005814700612000095050293016090006402
000409785100308092790600040002063908005790203319020060640087100080006574020941800
048300005003504762002170304401006208600813040300245019030050470070021950195430000
174000300006394070230701050007900805601835720528600130080073602063029087010086003
080070490030049850420000300003000908800795000006080045304807000700604009005000084
170060382000325007290801065017638200004002651629010708701206890946180000002903170
000000845016009000750023060821904700090270480540100930070041603000090578309607004
520400600100386000000000973005264000002008134804013006038542000000830265257001000
200081070000700243506302000040629701091500600602010809860170490015060087400090160
000300687604057000937086000020863409093700020706900013200478060300009208400002090
030601708950200304007439600429703001000146039360920000043010070090364050012000483
436009500700003691000768200310290708079600015065317009050000140602540973147036050
860310000540072003200000879480007150000625900050081307004100506005008000000050291
608000502300800704200300600034000050005703008006005470000260090912030000003090120
041759003007810009598300104020000531085431702710290800972003018804072060100948327
769010504051490260040860701003178040090004835684039000406203070900700412200901056
200709615500106070761005023000598201812000500003007860176050009020940706090070082
805000700000751400007806150948060005700589041200040009034000080580470000070900530
020061857850070921197082000009020703283600005000835602702319068635008210018256070
000300794398705000007900008000263000783000200200000100030008075462097030070031000
053040078014056030070138064487003620500800943300461000905300706700614395106975400
690780240010000708000240106360000010820000360000503080008000604701490800000378001
000315007030040508512000003371000006090784030080600790809000270000097851100458000
657010004080096702019430005000103020734009080108674039900348650861700900040961208
002006800645007000003009200050040030314080020060030051520100086400200507806500102
836900200900000458240178900009261005704093001651007309492800070070326090000040582
002041078084023050000758294100800002620000907903270805065004721030007640479162000
006039748040120596007000000500482000264300070009700410695004327403076009700953000
801500400700061580500080100047008010000019004050004608900840070008005042475900000
000701300030005082089300051500167000004000276367840000000253000050000104628000030
006902010100004532007185900201093870483000109709021403930270001010500387870300094
001050093637840001008130470870560900300208760160700382010025638296001007083006029
006090280004070000008640190600081002210706400080004916530200840090800025060009301
103564800759003006006290153300605012900840030570320008095732600010058320238000795
150238009200004871489601000735080040002460007040000592826009700001000925090127030
003400600604901000009003402070640000480030020030085014300000549147006003000324000
100005906500006304206004000062010740071093050009040163020700035714300000030400007
006000479080269100931005000167004380840600290009851000518040906690183007400500802
000759160009000542365100000080042000032607009970000216143090650800406921200571004
004135020005974013371002095582307004030541007010000359200719600100400900709260530
060078090800349500050000748270930800400680923380214050008406109792801006001093005
000500421100437090684100000000000283300615070479800010063051809040086735095074000
308000615950100420100854000075942001000501064003706050080610537096078000700020800
009016040005089020004007058300600102100028300250190800570800009060302007080970206
710649000800201064405807020143020506050070912097016300904160083086700051001483007
126450700300020645500683000000238014002064007409000802641000590050806470080541030
004530690605100420193460007000821304732046800000003962580000239060375008041208056
001360005235000964800520307512000730706238000003001240390040072050972103020000459
089412000671008009004607813967054000800261490410000586040700621106340000798000050
560007092000281000200009704000870460647100000301420057754000206006712000000060879
204000710017806209908271030870613000031700860092080170500060001146058000000032506
360000597217090000000786302030624700000000038502000000073000000000951070005003640
130070540020960013070135006201000397457009020009708150800651902795083001012097835
000000173128030000009410800000970386061008000897603001000364000983000000000007235
600000475957040103400752600070020090084000530000865000000293060703000950002070304
406002500370106000000400109650340090000968452894500010087004935045039028060085000
070030852010026073340780000406500037200860504901403260005308620004607389063091700
007208609060935001032060800000389000000000347356100000000892516625003000180650023
040819700080070431761030800006004009804302005512790043638000010009001327000543908
601405980400091560500628400012004059030259008050810027009582700087040295205930814
403920010871000296000167080125309007008702003397400128980070540530600800000045609
014300275000824103206170004028009346790008000060253090300981000000000421157060000
010002080050000241270098000785200000002004793009607000500040070820076000000000318
213905008600024903954078006542600030030580014061490070307059400490001205000846007
620009050507408260100500800000695000061000005005000627004031090290000008016000502
104605203020408700860009000258060070001840056400590010000956030043000090000000607
391000205058910060040538100200659010900107423817003000000021647403060800100894502
438071900960400317700963420089750060010809073570100092007328005805004709043007201
049020600080400521010683040893050200150360490060190305904005162600217050501006030
748020003009371408000800792015082030600039021080007049003168200060200314251003980
000000705140300000250890400928050000000200539000049028069002050005004086000076041
000624000000000519873000060307045690965008400004003875796400008020310700030700952
004800369865200000070461000080000673956003020003682090400096802598020710630178900
600840230700060008000321000347000905850000600000175000008006054004050021003418000
412050007500080603006972500000826090000000175309005060060100852070508010085249000
009003852081042070520079100260007908710490260900080517000730006090600385043008020
108020640204190030003040270000308007395004100400200306030605000819002063000001728
312608070060275310000010820603091200705086000000020638046100083500832001831760092
308000090207491000009800251020010079070068000090700035002589003936070000700003912
000009461009064750306100000060351000030000596580400010613000002800912000200080105
160904020050020341432185000800500917376010800501872004043600009009040165000298400
009400832072008069600029050096040170537090200021057903280100397700905008963700010
945002031263005098700936050080300546694200000000160829401870005539000280006020304
020094168189063500067001293531600020000302641206179300002436007000910832793020006
291007500307005240004206173000040056786009001049610700432850090900362004010900325
020891400009057810701000030900278000206400007017000205070000394460009720090784000
708000354063850027045973000587069030032008065004532008400190500800300170370085600
094010700000879200007260930600000040000180059830902000000098003000003021356001000
361000400000000637500860000000030726230907004750002090183000000020000369600325000
000038045000079001946000000000000432418200700620900000861000300004805100007060284
050400290092163407410900000684070900003090600000000812200009063500046029760052008
703260405005300071014907306940023560000608703380079200409010650000496032261730040
360107040100000783279300000017006009020915000090070406000040250082090030701620000
400630090080050104379800500600008713120407900857091600902100368008946071761280000
150008000200006047940002058700000905080370000091820000502014000009250714000680529
760090200500630891080425360972000048600002935400981000047800020051300486006254003
214300006600280439080670520701036298869027003002008064350009612190850300020100980
201000039500600071000173200000016923069328000030709400010000382300987050658030000
084060010309000860000584000460807905800096740971003008618040290090000487000938100
700500189408197005901600400090004817010865904824010000183050090000908540049001038
400520306302600401610834000089000630001960758006458090920005067000007513075086009
400972006079400012206500074318007400900805201000091867090260050082000749045780600
001004070703006080080790120070042600450039000300817402237000000000470260806300791
007809403014000958890143000953000084000507321070438000039075000546080030000060195
100530869308060010000100375000653002020070600090200708006005081005720006009006007
072060000006153024051020008640000159500691080710805036237400800960582300080306940
040090127798000000010743090573000900009820450000509601000400805281050009000081006
000937046360108072874000000246390080087620193930780600008000317700216008405000000
608095070102000859090827610010406320000359480435000090080941002351000908920080167
893400060005008340010573080001640230539000004600739100000307016154890003360014805
690280734748609500300100980030508610010024890879001005423050008000810452085072009
500009380400053070200001000060900540040120700030504900001090026004012009009040107
004890302006357800098602007070506201960070503080230476109065030630708020807003015
590408007048350006736900008800010759072094060953070020307005690000742300485009170
416030070700091368309726004031507980847063100090008743100659030003100802974300600
300109060510062000600040120900006870007295000003001900005670003039510007040900001
000050971783090000019070200800965000050201000100400563000506020961008057305000086
000543260200000859675090400500004396740060005002351000006100583301405600050236004
070800569400507200895100740261950008049702006700001492984030007007018934603079020
104080060200039180830021040040807000059100000001004607416000500000000213000918000
789140500610070408450030617900002040004501089861407250047050021506810904098704005
290001700470006000000000925000320814120080009039070000002000587007910000043807001
015460002008912000002000316106000050000206090900108020830000000000349100040001207
007081043169000080800605009570390018438500096090874005304059800086043900005708200
000245079240980501985100204093000607508409302001753400150094080060070045030518006
943000050070542030500008060000456102009080003201003806030000689098130400724000300
910320000000610405250084100005000816139060040000147350000832070028456030043000580
300200157782005360000367048000792010574003080109050673093071006060538704457900801
073205008895670000060003071509020010007094820008106947386400000000007483700832100
050049621746025009000008405402600030100804090300200560219070006074980200030012947
010930284284010030000482601020000173350279000047301000000100749193004000000096010
020654009007009461046180300630400572200705030800920040008071090050090804391802607
207810900690047801510000674872490000000760492900023750725689100106200589009301060
005070804184095000002040153370500018000009006060708025840120560000604380510080040
201307000600200900300800107083000050015070082060098040000914800800000216037080004
800510043736480000001000027173006009000059000500001782027000508040200130000695200
503041007419267030006090214060318400095000820040900376000730062672100043134009005
390170400018020500007608231000806193901003057853009000786501002400967000000480765
001583000068090000000000487000100263630400100182306700000007632746000000900061070
903410000701208006800000173400072831087061094132084060349020007210746000070000480
005300078000586030983070050070000289091032040042068307600104703700800401104627000
005000320049020810080041000918200500006100932520967000830006201294300056600792000
103009200007002098096084003569040000800000304000216009610000800030520070040860020
105703600673000140200140030000481009000290304419000085050000026000068900061002400
030645000040790136689030700802100050006459008500072361700986004008004627461507800
100020600000050782305078000700403800000080217581700030054890001009106078017200946
200051743005370620173020900700500139408190050901600400014005092520008004089043017
360000104010007005070150009039045001051080960002061400100090340590000018000612000
027000040019000876060910000000074083130020060800030014200006508000452601095300400
149056000305048100000003407093165000010027086060000031200480000000000398907500000
504360200000200304238450700050021040027000590460085072071046005040070806682500007
100549300563008000040006527381000052400392010002800473200465700006003241934210080
006091872201048000900327106420100683105006020800274009080702430010980207030400968
659200000030481009000069732361842900408090326900036184802304650000920843743600290
657040001004621070020050036800009725400086900930705800591302040008100307043500092
502078006907641200000509137070850420050417360468900070143000092095064703700193050
030102087172000630800703040003594210056000000001820753010045008420031079305208401
026730000040058671057001039473080100000547980008316407605800794900104856700605010
970024000000908527860070901001702854403500100008400600000097015249001080510840090
000735040040000190768000050800659031320081500610000984001506003407103000000090405
683000902005000137010324008528610000060780029300042861006471080451008700802060310
092100080870430000000700391064020735000017206725643000408001570007090123209075000
004005079007302006168009000849257010506090004000684052090570428075408390480930500
403502070058400132172300045000080903507063200381020700240007060800051097000009328
100725040032409010490000782241530007000040128087902403924103060003250974576090200
605000908200853000800092534083405002001000657050207480070528000548130070060000815
814030690603408010009126834000002581180304926290601000000743108060010349031860000
300900200600085700850003600015000872786050004000847006002700068008500017067308000
061400008000200709090830420740000560008057940300090000080006290906512800425000071
500470306109000040400000259060357000040600090020090765013040502004003900000508004
095780106007200800803500900050104002081005007234006000000018065508090040310050090
704903800800045920569007400000472053150300604470001008016050082045820010087030546
310450000000030502050029000008607250005200940000900670090361800206800005701000436
370000060600752000502000080003014000926030000000080935068105400030408200740600809
801245900004000725625309000316024000408001372000983041280030410040160297060492500
000054801385002049007903002000300420126540900000620180203010090598000217040290058
904030251805012090017690040589000470000279800170008609000300984321900007090756023
040081900080000354070005208093120085708530109200869003900710536607950000830600090
020001586047006002006502300052004003004018025001000607410325060960000050200680430
200789600986000200000126980053000000001200869002400051460010028008052146125064000
094703006208009407306048200020970048030064000050380009142000080000800954900437060
891000236260893470340261900523600000900185004400009507639040085002018640084036090
136200090702189063900736050093607002027398004861020937300060179219070800078041300
000483007004271008087500432600700980300108605852030700096050340423000056500364270
000708000370000002026000409561090807090080256780650000058019020900800540004300600
203060715100054360685103020090731006830005409026090530008507100950310007007980653
283060054709430826005090301020850610050700240170902500600000038501604002802001400
089050000005000621000431900300072500500000712720010400961800003000027195057100060
008642000043800600009000148000087009800100406251000000482000370000714080170028000
609800070000205040300600080730024000080000917090010004978000400060097801004082700
004060950673900004090421036409638002000004891802719003967800300080103409340096280
050368040060521780120000603700000934514003002300486000809010370005670190001030405
063580200021300457009421600700609580008010960300000100005970000030040705987060001
029000640040050270060230900600000782300648000800100064007009000080007425006805007
020000547041597000070040100002715800003009004108030025000300471210400030604000000
172000000000130604000529008090602105265001300004058209950080030347010090000943071
854003000600000513003956000490268007000090254102047060040120680061870340028600700
000400875851000004000582000000000751000793000476000000168050000040100568509648100
290000015050601024618054030830906002406000309900783500042060750007030208009127460
003059007750304001480002903205830760006070832037926000364500290590200100070608340
008360905057942006496080002704008290265009873800023000000205308680100507572800009
080309514004068007532000009240835970053970841897601305425000000008050793300186050
004500108005913004612400009400030067060092010271000900090005736000869500546300090
100970000050820930080360050002600013000738006308000004815006302234000169006003480
627510000081200657500607802190002500270050401050079203002000084005083920008421030
090203004214006000000000682400030206000692700629040308300507000907320060000060873
007000910086720300495603000674000050300045709000807423740086000851000697900071280
130007900400059201609104800003845090090000125065090038378000609006900312020436000
004897500500000149639040000920760000000410970040900218003005090002004035405109082
690200304487000256520476001200080763854300002006921000008002615702010830060839020
158307060007652080200800074712000635300261007400503001000098316693020700070036950
007409352080102460429350000370020604940731500050904137790043206638000040004095783
136000452005406901042350008720035080401709520000284097090547200000093840564002300
003006809000018203895320104536002040080564091940000520200709015450000932310240000
007000045026700010000301070059073100843050007000060453300207000590000700700530694
028590000734006850500003712002089405457001000980004023690400280840310960071968000
007893025809124370231000004008700419970460058402050037024009803380047500090306700
040005063010076000030001578803700905705810000100050307056400031001567040409100850
208905607001820593506370280109500720700080106003167905000053079080692050945008060
603009827704038001800721063006193704071860030409007186350400600047386210060970300
070639250269150300003007690090560003015300904384000062900020186106893020508000430
007641300849007500060089200600730182132068009780010403000270835028103070473800021
003574009859100204400800653004005860602007900087961000040213598320009041015740020
040102000059004000020003149800320000307059000500000836906040053200930080005260090
000600825219800036080372000904106000806003291100098560432000000501430980008205013
371980000040300021029140703000418296162000008980276300805003640007000832200894050
400050987376080004800147300758014000000539001030000425043001290609400713107693000
005637020037005601009402037020703005000800264184250000600379402302064050740000390
000563000508100200300020045460000507700690000020057608000002736600345980039006000
004217008002098075768000129006879210170030800800004507040953000987400001205000964
009004051701900602042001009400682010218030567093170280120507008000018726830240100
100640000500030602400920005080470950040000080010896000054009201006503000001200509
612500000000000178000341005146009700000007910970610040297004000800126007000090824
000958400015000209089400705572000090000396002900200841708562000204010050000000927
089540200005010684406020950503091470197804500000257030000172005650900701030000092
528070003000000681600304072200700438000241760475630010030057106762010850050862307
040097005520003048890005006403001760000680450005304810100000284678000000200518600
300090208800057900704000000080060053035840010100735000003106080000003192412000307
100568940950000836480703000572040309019070028804029075038104002001200580045006703
046085000083962000005400862000549000324608005800000746000000617132090000460851900
180072005250640007070030216509000021002560430007210050600428500705003862320006100
951000078046100095807409000600973000500000620190025030080012500360000781715060002
230800590879600000060200108602080037103090060708350200317004000000008351980063002
078060000003000126006540000000427060290000035800030270710603000002108003380000609
800024700407910206900070451036200090010097020090008375179600003005701062002400517
516008400400500860020614000001070908004080710067000040370100089600030024100862030
030100620200534007518700000300000704400306500159420030005693270073001958921070003
040308916890001037030706840001602009400000368658409001512070000000960123003124780
020070109070090086080640000900056007200007463807001200038700000005360020792800030
030004001054039006890607005008290530309705080105800092540070218780012400002458700
460030000000194703790060514806317900007002850142509070289400035605923000000850129
183290060029650070067010932090070014000921506651004009805100697736809200900765800
790005000001000627040008000017800439003490010409230000174000003920384000600100245
000700143030204700067300000001040070008000064009875030200568000570000308980100605
087506020290003470504702068150609042469000751870405003000267580005830907748000000
001943050206050000003002708000098204870200000002004183140785020030400015520300940
300042910490050820800060300070900083639500140040230090005003409000021538003405201
000081927194720080087090540400072008571000009802006405748000610900348700305107800
000569007520000904900700058615000890000910643003826010278001500006037000040000271
127384000503260010040017380070090401004730008058020906895602040702003859400908267
857600090009208750006507830963050007005076904024010003538004600400965310690703245
970061400050800916016943705189030647600794108700186003007302064401608020062400370
042803009876405003003012708200030410530064900460081035624300000000148670008900354
009431000002070041006000379600204030040100000020703610005042786890006000200380100
080367210090812304321500068503006090100093502970000643036000125800621900019035406
004005672521097000070342051000420730038900000005700180900530017407810503100070896
000500847970102060056007092493005700200034905000269008347020600529000384080453079
200800060000401790890305010004032005903174000172000904038710209000243680720080300
020905000090083610060000039000847203837600100940030708109000006200096357003452080
920070300000098742870432100008709600796004050502000071000000218080347006659800000
007050614004631070169704300693200047010067932740103060030842706070000823250076000
073600049040000382290305070520783900800912430300000728036091207002057100001030894
130247600040080300009063140480000009902400036000970001058000964004035010721094050
497002030000976120100035097040710253875200000001509670610827305728350001054090002
004300817003217400617400003561000008090081036070029001105070080200865100006000395
000495703908007015005106924491268000620030140500004209050673090130040570064950032
000910305375008900060070804782005009000089167906004080041600050050840291290300048
240007198030518040801042075486000009002490817010835402504700680000689754678100900
060000839040130700953678002406590083509080207008741005300007920601803070720005368
690020085850060230123050000009300004000700153301800007080001640005009300030004518
951000000002783005007090624000060512010528030245030080179000200500679800600312907
005617390309408100081000574000285060006170049730000800928000007000036052500729001
030279800059000307078100249000930100591000780042010950900007038705384090483091002
200406809460150000900800065007090638096047100001060790080913006030600927659000080
070509648056470029019800005104090702562734000007020564600007890320006417790041200
070810900059020680061900702320004070507000010100503096735480000042600057000059003
000028300204000580001009400100000638070681050680052010020763000715200003300000079
078100604004306781016400002000014278407032006201708043160890400040073020050000800
806300005143500860000460003600007210782006009400932670000693000015280006060010492
096000230000705068080002004604500013008140007003670040500014300430050900820007400
120700008358900007900308006702015300030070485589040100067002853895007020003586090
010008027094073001070045083068700095001500360045360000400931572100006800209000100
309080271062070094157920000203508900900200300600009710730896400526043000008000637
000631000005400720401000080120004000050000269300526000068040500510360000040015600
019080000008617000060000501570000140801752006006840207005174030090008074004306000
060400093040598020075620008120785040500961000600004185019070302702000801006050900
001049003004003021009082005600508200400936000800200730048390010050400380030820040
100608032238004605000720408805230060301540080000870093003065700750002300412007800
020035609360908005594200700000452800940003570856009204600320018239810000001590002
100009467090710050402800001219048600640031905038906124024090518951482000803050240
900400538435200006060135004890002300200897000510000890072651000009040215054020700
007952000196700020002040973800205369900837005320000081010300806050078490040596100
701005023902040010008312740087251900069008302020903870270680005800520007594000006
020800346690740000140630002205001000001026097986000521000090235000463700319007000
529000000000904005000500703800070049704009030000146080271090000040010300000482970
016709520287004300905001760650070203170240005000030176762800050090507832508402090
000040500400035901539100400005300020307910000100500080200003854860051003053007000
040298010060000985079106040400610230200409600580720100604932801008001429021047003
176040090000790510904821000030217605010000347680500100860002401002108036790003002
900280740003700981867010300000934107376000204401070008050001020039006070000097810
000200705003760841687000000005003107830007000700001630006010070000592010500000084
057030021008050037931260000180926000000700482723008000675084200800172000000000874
512090300749320001300045072274009100906512000100004289431907500000250814025401703
143060009000070436200039150000015647507206083300097000082600300030000001091720060
934010870000846090020309154059020318271480000008501740700100589100934007692050000
065007924709045060004009750000900045090300002028400009900010400100092000870000290
008702150201000398609008000067800905910560000800904760190200074000059002540070009
231007000000825900005306472500783060603050829084900530012040358340570000056238001
630000125024090030005123046706030810001947603003861472308014067517306004000709301
802000569500060027930052008208090130005013280003206000020100800050920600080630950
000800250291570060705603900007035009008200103013000420830710090000009036549000012
070020531500367000234050600300549200097032405452708390060173004700000068901400053
017920050543000060000600417000379108208006009390058004830040201009863700754002300
035008702092507000008201003400305800389000420000980307850040000070059040000070531
100025046340067050520008197062080910801009405004316700098700531473800000010690874
104030670009157020207900130601079302090080006730640001900405200426000507005706090
000896007318050400760014085401730806805061700600580314046108070087900621020605048
000025798129030500078069300002976035651803002037250806860090013003682450200304080
430000105090803000028005040584001600003060098609502430900020000000000916350096804
040050160678149000050002780580070400000210895900000601005007028007021546426005017
007356000000000271489001060978503010310907048040168907004000126200790050835000004
005864000009000026004072830310008542450006008080420061591000600000189200700600104
802090570397060040504078300000009462743002091029841000470500903238900057950300204
002079480879000520005238070080746000020003941453002700300100652518020004004390007
003000254590231000260580003300715000679000502450000378702069005036000829005328760
900010084100589000502000097860175000000060875045300000008030201053201700017006900
082976000040520968936800020600058247308007150400092800853000604091630580060785001
005097341701034056483001700500700463230100500004653090168070005040380607357000204
100769402279104000600502917080917203040020050020000769012070305803050600005490120
040590800030001409097340000400030981603000000900754006384075600001400738700280050
700230018825010076103678020000489005546000100080050437201807643070362801638500702
010003009940000630003509200604030020300170060000052090000825000002300801896000302
208000100105783000093500800900078030580900476700045010020000705050369001000007064
010009480930000200020134090000000326306092070001670000700941002040706009198000004
008531000100026834903008052672800041080203970040610085235760000700184500800050697
050009007000407068000856029409370205203080900007040300908004600600503042340208090
135060070007589400000000562080917000010600704753400690309000256508092000200706039
041030570053480000790010042804000207000826495020743006032000654405300180106904000
406892000230007910900001624023040007008720500769080030091208700000309261370600059
934002070600000150700638000063070001001800746002400509080007410350000960009256007
198305000600009431300612090967030005000900364030156089800091256059260810216583000
150000090700652080260103000012065300504001208006280450637000904401900725020714006
324010500000830901010547030080000756601358020245006003532100007100080364008973200
000008652570109084402053070150790460294800700060500120905210047008947003701080206
020300050080750090050920736902000410007001520000832000608040205403275600200089001
435076000060308071080029030500007390697830500000295800073000926052960708006780053
843029005000000231700306000530280600087000452020705900691040008000060524004837090
910632000260000143070004060739050402002419007050273006000900650805300970100740300
040008295050902760920537080003270006009080021264090000490000657701009400600724800
080009430476005000000004257064050008000170005801090002342000500000520790000640820
670300051018000029040217030000590246260701300804020900500862100781000502000070893
013458000007310859856007304530090721670000405100785900000802547762000030000173096
000568079000017083786009050000600507010890200642100900000020391479001000120980005
000692035532700196940530020004009800000267310213000967000458201021070583758120000
050302081720140503413005072279001300004539120500024809687000950000450736005697010
070504260684003000090160300406020007300975026900006051801000694069438000042010703
000798630048630075763040080000103896617009000009065200100300728200804300800907501
000429070006050080093070040001500600040100200530900000300098501710005009950003004
516080090720050401040371500060135070000804265958600030487060000100009058005208703
109000724300874000740900030890005060010000875050482900008267590501009280002058006
800952030630800020200000984325004000000000396006381000481060003000008261002513000
843006009050091004069485000900800750480050923305910000207509830004000297008720100
300008641400536008768004900591640300046003710003912060654080007102370400030400825
340600009050900083200300001500003810412005000007100600785036090000097358023080740
008060237056920004724010950075000842290584000040206300107058009500000613400691570
200750400716000250000280367402060010001540076678013040030009004067408005020005709
205467000641000003700312604090570060020690035010000079004038002002005896158020000
050400783184270500006895200607540030548130027301700058413057000060014905000002341
000635000600000745519000000900083007000907431403060009028000106060190000000000578
564800901790054680200639700070090458000317090926000070057400329639705004000983007
214050600500894217000026405078260090302580106090071023957602040031705002026900751
000814000104200035827000000060472010003108057781003002070385260500000900638000000
403128060200003180170904200045280300000400895007390002724039000080041026560072039
000903002085000900009006083000800147810704200750210008206040090408057000001000864
973100005200305019100749002406500320820030100000428500017003260040271850382050070
781000600004569007500007234047086305028475106015092400850720061470900082102650040
010040095467050001589160007005000028000731040674500010000489100241006800806010300
009070043648095000005214060060109407090726100571000290300400912910532600200901354
500374002000500904784600000060035020300000865450000030003000598025903700009456000
514000803006089504308010007103600045609705080705831060950008400031476900460903170
056804090029000478080109020800400307607200800004781900200068001300042689968010004
009508742657900000000003059060459203520080914890031500140000826206840090908610005
028090600006013508053680400700901000300000045500006972030104000000000254290705010
001009350065107020007502400109050006600041002800070009730010800008705010010803270
180009004400006002600374009003407900908100300004930807091040050340090010050720090
793000000000000205060081007052060041617058020030090576300570000806300000009800710
000723104070010865941000207204300578000687040798200310400872003857000409003045781
070106530923007010100300087090000173000783600367905000740030052605079300039041700
190046800485097006060050240307900004009160003040500198500009430004718050601400087
005400830002705096819600050196507000500069470070003965350128009628050007900070508
500324800307580024204000513050003706478100000039007241045038000060005497700496308
138200500002730100000500632000129003825003001010000264591008020280065010004010385
