702000056094000007000250000007000060000510070059000010000005800870000600200008700
090070800000010050730080000009000704800640000004001002000807200000000963501002000
000009640403000000800024300710800000050000007030006009371000000000530001000000470
003060500050001700006005003020300050380600000000500310704000000000050096000046001
080020000000530060050000040003000600000965000506000094000000506000407030900006000
640000010090000500000023000700361000408200000000000765100604000000000126900100000
000000625091000000000480000200900007000800046700600000132000000070306901000004502
802000001000642300000000020501000003070398000000000790020030000030960200000007008
090000200080000003070081000000700104702000300001604000807040000000900046000050030
005000074009000260000302000800000002600000008000498010056000100000014600010007800
000005369300916000290000100001203000002009005009000001020070000000000640010090000
000000806000620400576400000000503070061000030008200060102000009000047000000082003
000001060004009003003006840000100009020300007080200000200010300500040100301050400
000005087705006000009000001390007000000400070000200040028090000007080500000010708
056000109030000207040069000571000300060000582000504000304000000000740000000000058
560008001000010005000030004309000400006503000000000060000706300013000000200300500
700008090580000000000200050009560000003087000000000104000000601670000200000426000
000900003020100006100600005000000850002009000013002000000000527700010000260070030
000000809056000000000346000000000690000002003895000000000130000960000014010600050
029000000000080007000240008018900000000400100302000900000057040650004070000000520
000600900003000600000020005007950000615000000090000043000004310860003000400201050
000090530074050900060000070400006007000002803801000009000700001000300090508060000
070089500020000800000003700009000051201600400000400080000000046700956000902000000
002400000000908000000010430560000004000000201000081009000000840004037000639000000
000053600830009000200000900002460003081020000000030019070800000028500300000000890
004060000800120600000000803035000020000807050006054030000500000020980000090000385
000000058400020000060035000000893002200000089070000006021000800000706300006300100
102000000000004700000027301010000023003690000780000000291000080000000539000469000
000340000317000000000000973700459060506000400000000190005004306000208000140000000
000900000600100080025000060800002100000001470106000800000510008000089002058000000
800000050000260000100000230008007000007003004006090000030000590071435000080000103
107000050900073000000000090000324000306000004000000103040000701080700200070458000
003060900046000500009030020080005090050008000000000054400200009200300100000050630
020000034740008000000904000000000418800607000030009000002040500005000160006720000
200000070300712000700000050000030209040021000023000800000506001008000905035100000
100004050500000290008001000000850000000030526701000000043000000000980002000020003
200360000036070100000010302400003005009006000000005008070000010010800090000930850
000380005004000032037500008000004680800001000900008300763000000000860000000000740
400050007900070008000020003008005010506004000000003750080500000000900400020000670
000360000504000060006000420600000100000572000900000003050030007480010009000987000
004968000850043000000000842000409000602000000000000085080010600013090000090020400
030006800042030000000001300000198000051000000000000076700000010500480030800000059
004000030000709000300000080400903000002000105090026000000890000943002000001000904
208000000000000958000386000000009510070003000010000470902000000000930004604800009
000900400018500000060100700300004000000009005400005602009050000080000023005030080
000009460000036020756000000005093000000070005902000006000100900483900000000300740
009304000000000980507006000000030200004080070306050000600540003430070008090000004
394020000008940100000000890920000000000090485000360000000007008000009002081000000
000502000596000000000000537000080701000410000950000000010079000063000000000000158
483000000000001200000009400000000052037000006000964000000090160960000004000316000
030080001010000002000507000608000000490000870000805000800000630000030000007960018
250030000100040000700000920030087000000005068080204005004500000006000250005800007
000080059049000071000915000000054000072000000000000396890700000607000908000100400
000017080000000602058000007000006010460500000000081060602000004000600000500200800
200000400508002100000310020080400030000008205000290080000000007045000000000080002
320000000000000408000905000000090100040021000190007600004003050000509000008000074
079000006000208000006000243000000354000719000028000000000000839180092000700004000
063000000000000201000432000000010085000354070709000000000000749145000000000208000
001090000607010000000000609000506000000000460186000003070065000013009050000803000
003000600060087000708032000000300000900500004200070059000000085074008000000060000
400000001700000405500740000000964020040003090937000040000000804072000000000539000
008040000000019003000038004590000060300500870000904000985000040010406000000000510
300000800600040000000390207000203000741000000000000579060007095058000700000409020
080005000000000356050062000905000060000380000600000073000253000001000508509000000
004000029002000080000305400000009206290060000070200900050040002340070000000000604
000200040000007080320000650700006003830000005000430002000914000008000900004000100
051000000060005900004002500000036007900040000500079403000900080000800020870300000
198000000000409002000601009910000007000040200540170000406000000000000350000802000
000070960576000000000160700000006021000743006460000000028000000000601038000400600
000000106064000500000685000901000030800000050000304010080020000010006003605000401
871004000000001700000007102000000275209000001000480000040900010010000057080140000
500080300100570000900000007000450000003000026012300000061005000000003470070001000
080540092920008000000200006006090018001080000000001040400013000390000000000000580
000240080007000030902010000509704000070000300030000100300000002420083005000105000
060009020190070050000306000010000409504000000006803005001050000000000106003020000
010080007060004000050006003000670800080040290106090000804000000020830000000060520
000860002004000083100020004000008600078009000000007300000300041247000000000400050
002000400096700000007100000000070038620000000000430100008004052075002000260000000
800003090200000068760008000006050700003060000000000986090200000000000501020304000
043000016000470000807000003000780009010000007000000260000002800000007090761050000
000021000000000308048000000700500063000900010453008000000019405304005000060004000
800004306700000002000301000319000000000208000008000460000030097983070000057080000
000005760000960008028000000832000000060000502000892010000000695000308020700009000
730000010100025000450000070001800000089400000000000602000917000943000000000000569
000632000690700000000000761700000600000040300000026000058900000901200000000000082
000907000950000061200000070000030806096800000008006000002080900019000000000070020
010090000900000740050020000000605000108000090300000007009003070003800400201070003
000000376309705004400000050000000910051020000070040500000501040000800705092000000
060000010570030000000050802001000405007103008809007000780000000000800160000609080
390000000000082000070000004000000016000506080760003000007350002002000100003600500
000058000001000040057000600000094007965000000000003008700900000649700510500100700
507000000000000680000601090702005000000000465000409000000050036030026170290070000
200007940510004000600008000000410009046000000000720003000060854000370000061005000
031000007400300600000900100605003010000070083000040000020008000008000051100006820
000000841420100000000038500034280000006000000000304079100000408000506000940000006
009000620012000900008210000020000005037000006000120000000008010600000490200000060
100640070850000000000000396000000830742000000000410000030005007000000601400001000
000000214400308000500140030097000000000417000000000150036000000010000602000091400
020000095000603000900000014000735000402000500090000100000042000000000859016000000
030090004270000010000000803710000000009000360000058700003900100007400030600203005
006053000090000150085600900608000000000780004000400309073008000000000023009072000
000040070008070020160020000450001000090008006000000250519600000000000108006700590
850000000000439000000008726700080000608700010000000507004300000006000090003200470
000000508000340000749008000000000805060820000090000004407000050050006170000005080
010080000000000204069010000000005702702000690306008000000907000000000423503000070
637000000000000731000830000000002090078000000000794003000000364400608000702000000
290300000000080542000702000000050097935000000000010200407020000000806000029000085
000951000100000008630040001000063002069100000300400170000804000000000720216000000
000900340000700090510000000020010009004000007006030002800005960000093500952000000
000506002075000001030002007000000410000430500421090000000000160359000000000843000
500904080000800350803560000090070000000000908040090000004000076086005000007006001
000000709608000000000236108000005000090302680042010030006090000900000810500060000
900005006605009000000000058003050600000010705008060000050804000030500090010000530
000702040120400000000000079203000400000000501004106000070050000042030000000000894
400080006080090043190040000000402600008000500005000410000509000000000068634000000
028000000040001000000004073000053000300040018460090000004800700105300000000400690
060312500030000060210006000003800010000000250007500000108000003300000075000950000
000050007629000000000020003000241000000673540076000300307400000000108000000000160
070000900080200100000140000000496200002005060016000030700000001000051000600070004
836000000000007003000003049400850010600000730201000000000010500068000000000700300
030502000075800000000000045002000100007030204008720000460000000050061000001000067
004005807083000000000092000092700010000100045018400000000036020230000400100000500
000300702702800000009700006000002040307000000000038050000060308020080000080053200
150008007020000050000005600504030900039000570008050002000000306000200000700500000
070000005030902000090700000005007132000205000702000000400089000001000500000070910
000009175010300090060100000321000000000014000000008019607000000003000500000561000
000000700061000900000049600005400016408000000003501009000164000730000000000700845
000003009000004003308000000000700200080600730706309000800930060040060010090000300
740000900000093100090000700408509000000060092006100000270000000000025000000000038
063050049108700000009060000000214000730000000004000800000403010000005034342000000
037000000000009871000467000100006000000000056605204000063000700040070000000910600
830400000000000037000500009026000000000870040000060095000004800582700900070006200
000030040310000700000080030000400002000301004906050000090504000000000820002000409
300062000500030000000004018090005000010003000000000264000700405079300000008400701
019800000000100300083000400000001050038006000000003602300000064800040009400070020
002900000004000102005200300000080007890000000000060500020700090000023060501000020
460000500000008302050002100000073901904000000000000038000800093598000000000190040
000905000280000100060000200001430000000010072009076010000000061000203000490600000
054000000006270005000000130900000002000740000025000016270003000000006209060007050
450070009090000005070019000000300080901200000006100040309000500000005200000041600
000000045489000000000091000000107600000200400704009000000000059820000030090086000
400000009500001004000943010064000290090050000020090470001400000006700000000000321
081000000050720000000000791600000900000047000100000502523000000000200015000509020
800900000300000010000700020700003008968004000000008007000000634024060000000050001
000000587200005000500004003000090400000080750076000800000700648050200070041300000
083000000000486000000000598030604000000000930041003000600000809700000005300027006
050007000000000576726450000304000000000000350000376004000000017000068000482001000
000537000000000701065000000012000030609002805000803000900000040400900510000045090
000000270000064800190000000007016900006050010001007050000970020700000108310000009
091300000000700032008105000300000080000597000500003060040050900000630000050000800
000370000040000090005600070006730000590000600000000800000017083000009004102000006
000070540000520000870000000000000901700249000659000000000901003400000089906007000
000785000050000231064000000000000018745008000000904000000600895000850000502070000
000810000370000150000000230000032010063005070025070000080007009402008000000500001
289000000100000308000908000907000030000000520000503080000000815020070000040010070
000000107200080040700030008034800000000000503007600000000069080083000072050008030
500020030207090008000030074090004000040008000000000025000900701319000000000100800
000000075703008010100076000400000360000120000050090000000000409081500000000900201
007098000608000200000070108000000740009500000046900000000009065000381000320000000
048000003020130004060820000607008000800000900000305800000281000003000058006000010
000000283035000000000934000060810000847000000000070360700000001000300005400006000
000620009050000040040000160000500906102806000600001200000280000821000000009000803
000400100903000400004090800040000006000956000060080005432000070000709020700600040
000000170000382000096000000508060007700030086000870040087003000000701800000000065
009000010040002000000050030600000904900000600100670000051000040007305006060004003
260839000000640000000000196703000000000450010005300700800003000000005001107004900
000051000901007000703000002290500000000104700000700800000035000010000096470000000
200040006400060030600100092050700300060903000080400000009000060000075020007001000
000000017000103008008000000074021000600050700000060500000000009107000085000709100
130009000000000690900205000000000859810000000090380000000520000009007000006000403
000000302000060090040050000501300060000806000067010000600001000100408000000005903
000003700000007800605000030800050067259000000000940050030000001040000009000801003
070400010400000870009060000702000008006037009003009702000395000050000300010000200
280003000406008000000007681002000430009700000004600500050010000040000008000090007
203000001700050002000028003090700000040000150050189000000000430000906000501000060
000000473004309000103405000405000000000641009000003704000010300070000250080020000
000010600700000980000095000100000070940000000500269000005000004094000005000704006
003000200702000600000047500000100040060900017090780006610000009200000003000675000
001080092008003000009740000050390200000200508170004000300068000000000064610000000
080037000000000750090006000800050000000200370309060000903000000000910004200400805
038029060006075009000000043000700000520000000000200705000000854470000000080064070
905000070000480090000000030060000700070800200080906000300000004006308005000051007
300006000600001000000090617001000020000673000080000076000000408192000000000560000
689000000000097500000038900310900005807000000000500730000043000048000000700000052
000200860265000000000107000300806001850000000000001003500000270003040000009080000
075000000000070018000143000000800906000300800897000100200000009400000701700026080
000700800604000000000800360005426000000000243248000600000043000050000037920000005
083000000000030146000092030000469000700500004200000001000900600001700409045000000
000140000800000504900000700000900007028001000000600041089000000000009430000706050
200000500500030000000010902090000301040501000006004700070400053000150006054000020
001000004000500000008240000700920000082000700000057300100074005470002000000000467
308900000002700040000800109000058090490000000000400502080019000060300050000000970
000012407000004806750000000920000000000400060000078010003000008000643000001000002
005207000002000100008000600800000010020000040000650000540000009000784002080000401
000070601305080000070014008000005020867000000000400180004302000159000000000000409
000000705305829000900500300000005010006000030008730000020050003090000504500096000
604000200000230610009600300050000020097000050000370000040009002300002008900003001
020087000010049000000000057001000406004020000308001000700208000800000375190700000
700000900000093200300000600500300007093570000020100045065030000000000010030048000
005000000002010370000080192410000000000000917000123000000200009980000000000609030
300000090000093060500060031008000002020000709000129000000610900000900500012000000
000006035900002600700004000000000902213000000000270008000020059056000020002430000
000000940000860000207000000751000400003000867000093000090130000600207000005000016
600037000000000047270060100701004300008006000000000071060805000000000204190600000
000300170000081500400090000070100000051000300200009080005000006000618000003000004
630000020020001030000309010004050900000914500005000100000297000700000001300000008
001700000003800000095060307000000480530000000000176000000042000000007062350000000
043000500000090380000610090012000009000306000080000042100000800000002470630008000
300000680600040000200010000000008003043000015010003009007600300036500007000200900
000000813090000000030045000204000000000300060000754082006000405502000000009083001
541000000000900160000100300000090530605000000000050090018009000000007006009003005
000800600100004900920000100000039060004000020007000050000720006500610008860000007
058000070030020000000360040000000062910400000400536000005000807007004300309007000
590000020000534090000100050000000207281000000000409000864910000000000908000060000
700100003800009002000635000000060210092000000000070400000500060007306008031008007
000003010008009000002008006400020100600000042200090005070800400000000830060700000
000600210045900000000100030020009600090007020000023800001050002852090000900000007
300000502000020800900080306006001000004006000079040063010800000060102000000000035
000000075000207000043000000810000000000860000000000908160005003900738000000000589
000510000094000010000000967010000809800003700300820000000034080781000000000000075
030000904020003000840002000006000010000410000704000060060000508400300200000021000
000070096903000007000400005080000200030500000050704800000069000000000768304000000
100006005600007000400000201900000816000530900048000000000493070097000000000170030
097000000020406001006000075000009700875000000000820100350000000000980010000010062
000070006060300005940000000390000400000060700100004900502000010001000024009501000
100000030700000040000360000070000006000970000080006107052007003009602400000008201
000406000390007000000000576000024080104070000007091060000000609000108000712000050
100000490000980060400000080000007004002030000003060008070603000094000200000000146
546000000000054030100070000000503000000000280634000007060105000350700000000000609
903000000050040031000010092000000310780000000000602000000004207000503000549100000
057000060003000850000130000000206000600000704400000680000382000015000000080000036
008000001017000600000174000064007000000000403070940000700080050500000086800425000
003000004407000006000854002040000800010705000080003900000590010504000060600070050
009000007000070032007680000000406500008000900300005200160003000080004000000000326
000250700000000931869000000070008600503000080000001000000900304000820000730000000
000000160450007000700009400000100708000570004927000000008000640000750000004060073
000009028306000000000307000600070010000026000701000040069000100410000500500940000
000693000000000503020000000000576000907000600000430705000008050463000000002000091
046005008000908000000600549000360000074000000000100024400002607800093000700010000
004000080207000940000842000600000700500700800000908420020007008030050000010000002
000000651028405000000317000270004003900000700300006000014000008000000162000930000
000000591500012040074000000010276000205040000000000018000000830820900000090160000
080406000069000400004000206000008060892070000000502030900080000000050001703000004
406057000000001900000060700000109008010000507040800200608000000000308000130000040
910500000000310006000000132658400000300007900000050800007000080000045010005009200
010000600040000390000074000900000007500800001400502000003000180000638000054000030
000350000001000230030060900152000008000009010000001046400700001700800000600000073
000001060000006790648000010000000627000950000432000500000540006800070004900000001
200000709000932000100000002090000280024500090050620000005008000000000973002004000
000009601970020000000000005002074000064010000000000810200340500000000380700600000
010050002060410000000000710400009000000004005000005021603501000000640000000000840
000831070000070020706000010000024001000010703380000000000900104059100000200700900
008300020000900030004200050080000603030085000160003080800000007000439000600800500
000002005050106084678000000000000930006040000907050000004500260000900000832000009
020007054000090760090040000000000205078000030003062000000500096100300020700100000
000478000000010800074000000000601000500000036107004005791000000000000361000182000
250001000000000960100007000000600810087000050000200600073040000010050008005030002
000000837000754000679000000924000000000000401000425000000608040400000070700000090
900000140000001760810002009000300000106000400000010007051000000000170000090000804
250000090080004010060018000000000509000050021605030000007160000000000406806700000
500080006000640900906000020000458000001090400604000008000902080000800164070000000
062400000000000820804500000000010340000030700140000080000006007000008001259100000
065100007000000604000967000000300905200570000100000000000009040631000000000002080
087000000200504000000000924569000000000095006000006002000910007300000040900000230
042005080000760000000000603000200370300000001800000042000500807060049000059000000
300002000000017006000040201000300075067400000010000020005000800004090000000700102
000000062037000000000014000600803000001702000300090457000000526000930000140000000
000070296000069050036020100405000000320001007800900000042000000000807000000000965
000000439604009000000405000000090053407000090900013000070600900000900308089000700
090040000070301206000600001046500010000000350003004800000000083100020000400010000
001009000000000203009064000510000700070000304000071000740800000800500040000400065
003009000709005000000000704690850030870100000000604870316000000000040000002000607
040051800030080400010040300006124000000000092003500000300009000800005000000002056
067000000020500000000800120900001800200000049800004001003470000042080000000000034
000000410963000000000680030000020091000563000372000000090204100500000608020006000
300026000109000000000000306000398070020000000600000095200400710000613020401900000
003020000200000910087090000000000270900305000860900000018000000000609007000007005
000600704000700530479000000604000000000309008000004170010050000040030001000000402
040000300030000902000693000006058000000000057108030000500076010209000000300905070
300007000910003000000000048038000000000000286071840900000510004006004000000000720
703000080000021000052003040200000406607400000000500008040000805020000600000614000
000025000090300100080000700700008069000103000600000050971600000020000097000070004
000000007020400000040900000001030750003004000000007381600090500100000609090050210
001609040000275000000000029017000403030000008000501000000097300200000070000010960
000000901000258000072009000300000007900000200060082010006000740010704006007800000
006000483008400900004100006000000305000089000610003000000000078300090000050010000
000560000070200009901000008102000000000907100009000350020010960490000003010098000
080070004000050007769000000000500100902100700006200300090001070005006020670000080
107500000000000085000102000020008070080000021010209000900020600002090300003070500
204000000000010003000020506000904000802000050900200080090003000030702900000500601
100006000700004000800000301060019000000050920087000000479800000000300405008200090
000864030000300209543000000005080000312000000000000420730005800000007000050000093
020710000981500000000000605600000030100020080000130070000008401013005000005001007
205000000000140000010000862000498000106000000070000405080009050000000694090024000
005006004003005007009004005090000020000460080030900040000053600000640100870000000
000207000103000460078000010000080004701006000000040002000902700050600900080000000
000040010000010374840060000680000000000908030020000040002703900000000701009200000
401000000000000076000328000000000027189000000000405000076000901000509800090030700
590003000020000500030051700000700024000400070703000000000002409052000007104570000
001000208080000700260048000705000000000069000000000107000500083000801050458000070
004076000002000670005804000027080000500742000080000720000608000200000037900000002
000207009060000807750000000001000060080103000026009380000040703510000000800070006
300400070006209030040300020003050000401000000000000783000134000000000609150000000
690400000000000674000368000000805000503900000000003908000000810047080000000090060
000746000000000003429500000000200700100003000200004060000062090002300600080000200
002001000009006050005009064000730000560000000000002593450000000000800100000090300
900000060800400070700580090040160000070000300060000900007003000003002001001000509
008300000007000102006900000240009000000006050000005328000020067710000080000080200
002009000008000050000004010100020700000050004294080000000200605926700000000601030
007000104600000700000407600005000042000290000820700060783000000050001008000002007
000020089070043000820000000000501000000000064917000000705000600001002700003190500
190000007704005006800709000000051000000070302006040700000800040000412090028000000
007005060000016080865000000000100005080500000006000804500020003200073000000000408
000190060901200000003000800000003017120005000050701004510070000009010300000060050
000201000031000000000030251000050004543000000000070002089005010700180000400000800
002400609007000024008360000000643000040000900780000000876000000000000012000089000
000218400000000738460007000000054002029000000000000605003800007200000049780600000
900000700000920100300080900000136007830000009040000005005007020003005000002000091
407200000002300000001700005000025100000000204260090000000063000150000000000000486
502030000000050098000490003209000000000910500000007309720500000380000004000003070
750000000000280900000000240000504000504000060107000030365000007000071008070030006
001006000009003000000000524000904000570000000000007642000620400000040287203000000
010042600020000050080000070000374000401900000009000706790080200000000908100060000
000608020001000040095000100400820000000000217100030800060009001019002000000050302
043000700002000160000901000000000081080030000030040000420500000300008006000060013
703000000000010204002070000000000409126000000000728000090500010000006080250000040
008007095500003800024005000300080000000000107800020000000100060652000000000600079
000000027300008009200007006000000012050260000040030000023090600000506200006000400
000000580020053000050061020504000000000610000000000847003000096710000000000739000
000030004831000000000050031470100000010200500000609200000326000000000982705000000
000000405000007000100302000040005900650800000080900004008070040006090080003000060
801000002000001004000005006000370000728000000000012470000000365000750001062000040
816000590700890040000000180079006000000000002000003008000170000050040870697000000
060000400000900065018000002700006000800000019200001000000710000083000000005000394
000409020005000090003000170030080000080906000000100406300000001408000500020830000
800091300000000806900003000040600000023000050010230060001000900007006003000049000
000407000358000000000000190527000000000702065000300047930050000040000601002080000
009000070000378000007000040500017000010005003020000105300000801000860000850000400
150072000004000010900000028030000600000045000090000001780320100209007000006100500
381000007000300052000701003000084000906020000000000729060850000000000270230000400
302000100600001300000009400050030010020780050070000030207800000000000006008210000
302000000000070038070040005040800003035600700000307600000700054000208000701000020
030004020000008040090003000007200000001000480004800100200309001600080000000010509
000080050097000000004009020000390002809200000000700003000052004740000200000000630
000209400007000003064000001000108050800030012370000080600080100083000200000045000
009620030000005008300000092010000906000190000070000500000207000500000809703009200
004000005000529000008000021040062000080000750690000080869000000500936000000000209
100736002296000000000200061000064000000500019602003000380000000000040700000320100
502080000000050810008070064000005608000006207300004000050100000670200000000000386
900000370280000009000018000000394000057000000000000420048009000095700003000000895
130000080080000072700901000000543800005000400807000500000750009076000000000090048
000096800000008900902000000000000045006100000200900000009001057070062001640009000
000800010306400000000700308065020000000000430020040000692000100000000804000309500
070004000508000107100000605095000000012000030000190080000000276057000003030970000
594000000000593000000000025961000000000000467000806000000029300046000000000650080
000000326000512000297000000000085000670000500008000603053700000000900030000000048
300200050000000710500870000000004009050000007070012004004900800001000070005060000
207000003300000004000639000000000970852000000000415000029000710080091000010080040
053071000710020000000000730000800000000000386306400010000000607000016009004000000
006000700002010000000380500000604900064900023190000005930000000080403000000000609
000000250000120600420000080006003002002006000000004063090680005870000000000000120
105060070006007040048300602000084000200000100400000200000000001060043900030900005
024000700307120800000080200000209003175000600000000005710000000500001040000300060
025000000000090230010030000238700000000924000000000720000409002702000008800006009
008100006053000040000204001700001830402000000900008000019060000070010502000030070
000009007307005000000006031000000090008250000405000080000410300570000400040500200
700008006400005000000006027090000100080600400050070000900452000008000060002000030
070090000060000073030070042000900750305000060000405000000502000000000837196000000
670000050050000040000532000400000100500080002090000704009200001002709000005000009
000605080548000000000408050000000039190000008000806005000340000205000700007000890
000000130806000000003082400604000000007840000000003200568000003030000054090630070
000000749508004000004012000800170000106080000000000031075000400060840000000900506
900054000100090000000000796020900480050400009080205000003040000000000174004019000
060080000084000690590060002700000060050809000900000504003000000000000076009204000
000750200640000050850000600000008009031000005000092016284000000000000760000219000
000001500000006400637020000000007069090340000200100000004270000071050000000000098
590000010600020045000040080000704600080000900460003000007000002006000807000108000
000020003001490000058000009000102060029000080000709020400000200580000400000247100
900001407800347000700000600000400078000609004052000000000084000000000950367000000
200000956060059007090003000000000625000807000139002000000320000300000400008000500
000000640000281000507006000000000796000805000631000000014000000000020008080650000
000905000000000029953000000500002700090516000000000350005060034029050000030280000
071304000000019030050000000000130000003000075605000000000000109000270800106000004
000040598700050000456000000000864000600000200010920600300000051062500000000403000
020030900050080700070000200402000000000809050000340090000901008806000009000008307
000050970976000000000049020000200005063000000008900003780000000000094000000000832
920000004000127000305000006000018000000000300706000009010900000030006870050300040
147000000000580000000700910000002036354000000090004008702000000000020780600037001
060090000000060073080030010003600005005400000002000001000008900730006000000001830
600008000097203000000000450041000006000010009073020004102900000000841000000000790
000300804000700300354000000000460003136000000000003075000035000000000198602000000
861003000000507000000800130100080000900030800000000504000001083000602000674000005
008000005057000060900701000400029050806000070500070000040000800000147000013000609
000000148005860000827000000308200009000900080600080013030002000080604000000000601
010003700000006001080000200508039000700050006000010003000900030002500040845000000
000931000000000970240000000090000064000019000800000009008300000006250000030080597
080034000064002000000000054007010000000040300006020800900400000400000965600300000
080004700020000600000935000000540000462000008009700001100000820000607000204000090
405000000000306000000000298000000609000951000097000050874000000000627000000000973
000000057025010003037589000901000000000208000000000340000803000000050130783000002
000000902008004000000009016000090300380071000010030000500740020400000050000200690
020000307060050000000630050000906000000800732105000000000509800908000004006000105
000000450050403000100005000000570000000000008730002000092657000005240700008000540
427000000000100030000008050000010900640000002000705000004090600000060104263000000
208030009000008340300091000096000500000000610000064000000100008000500007483000000
400008006070000004000006702003400000004100000207900540600000080800000470000025000
200010500410050300000093100008600000004000020002500730000049005520000009000005003
104000700000070900009800600406000080080040090000603000000000052890000000000264000
009000070006100023500368000860000000001000965000706000050930000000000406010050000
000035000000000072198000000000603700960500000000000430082000005000857000005009380
613000000000000154000890000000960407070010900950070000002009000001007003000006049
004500007100000800000700600070000090080000070000203000000067409819000700000090002
000308000405000000000000201080940300000052047060030000000203090003000072002005100
700001000006000150000038000200000007800903000031000002910000460000750000042000700
093000060000300070500107000000000003800201000300008006002010580000060207038000000
000000210000715000415000000006074000000000369902060000600400000070500008000107050
000692000761000000002000804000206000090000030076000010507000000000120600000040007
000100009205000000400300700580000010040050080000940050003006000004007000090000308
200008000000000700100509000090400073036000000000800054600020980000970200009001047
020040000000060800076000300200000059000205000049000007401000030000504000903001070
000002407002000000003074000500900008100300050000000304054000060060000090900530000
070210000090000005020500009000902000004000620206000100000000836802003000000084000
046000000000389000000000073400705800900008500520000400053000024004070080800010000
604000850000507000012000400000000062000865000346000000201000000000000513000154000
375000000000000190000260000000074006002005800007000001000650000210000605060700209
000042000960000200200060300000023000043000082020080010002500800050000904007800000
000093060080604000500000100000810000890000000006700580000420009003007004205000008
000092000045000000000400507906000050000059680000010040000703000800100000000080105
403000100105009200000027400060900007017500000050300006501000000800000040000061030
000300010050000690080100050100000906500006000900008100003050001007000003005420000
090000000010060059003048060100005002000009005300006000006800000054000900000500300
310000200400803000200007500059000000004510060000360080000735000082000000000000014
000005200047009800000002106000070002603000009905040001080300010000004050000100620
460000000000910008000800602006094000000008060005000080310060000000000236600080000
054000000000976000006000920000001396621000800000807000005000001000390008047000200
300000610000280900240000000000608004483000000000090075004000290000156000107000000
300020100670003000000010300005000087000254000104800050000409000860000000000000715
001000800000065900030090100060700009048000000000503007000038090600000050270000060
093008000000700820000402000906000000000243700000000580820000074000010008000020003
042000100087400200001200800500080000000700064000001000000000089030057000278100050
031800000480300000000000360000253000002000150093008200000062500100000902300000004
000000061040507000980400000309000100000020890000010200805600004000008015070004080
000600043920000007000905000006780000008040100004002500000208060360000000000090024
030907050000000170867000000000060005005070001003005007000603000420000000000004710
008000200102007005000509000501600000400103000000000816070000900020090060000060382
000000629070010030092030000049700000000000078700501000400005300507200000000006100
200010000700000480096000070000003004407000000301004006030901040064000800000400200
004003700000007204009000006930000007006930000800000003350000000007000180000610000
009040100006900408504003000000000943105000000700802000000719000021000005030000060
280400000900000240040100050009504000000000017008009000410060000000000803860070000
008000009002940005000006703900005070600008090000109500000750000020000300090080400
003960000007300200008000360630008000800001036000006092080000920250000000000740000
000008021702000000000001004050030000030490080079000032000307800000800210607000000
004000007308040000000820004890003000050982000000000680087000000900630000000000128
870000300000060090030000700300000064000543000105900030000435000003000908016000003
002080000000000042901040000406000020030510000200000083053061000000009800090003700
008400010001300000007000890010000307000784000720000004000001436970000000000032000
006000040003060070000485000170500000500306000000000209345000006000003402010007005
003080090006003870500010000000400006048600000020508000000000943150000000000897000
700080009060290000009000480023000908000000007000120000002036010070000832015000000
300200001000100069605000003000000937070056000020070000296000000000694000000007590
000004350000902400843000000000790000000050092930000001000423000051000003004000700
204000700070009140300004600403000000008090030000200010060000308040630000000500002
206000000000379000000000501000401090397000000000090060030900000080560000000002104
430500000090100306080370500810000200003040060000020040000000609005008000002007000
600102000000000058203000000000090047307050000004070080000405800070000300020000600
080610000060004000030000702600350000000000571905000800107000080000045010000006090
017000009300000476000357000000000050000026090173000000430000000500109000000000603
400005000000009560600008900000000673026030000003097000000500809090200006260900000
009000600704001000001006900400000050000709000906030010090080004340000008080090003
700005003800000004300001050060030000030040002000010430007100340002000710000806000
320000050400701060050000080006000100000307000070500009500040000008005604000090002
400000300000501000300000100000090036032060000000000059064900000000427003000600074
000800723583006000100309000030080000000000567920060000007003000001205000000000901
806000000000007001000012034050600000020000458070900200002000740000091000035040020
800400020540600000000009684907000306000000200050036000060040003000068002005000007
020000900078000200000280000003005040600904000000002091906428003400003000000000052
020040078038009056000060004000000600600008700085003000300700000800000020200500090
000720010000030670910000000000308005004000807008610000820009000300005000005000481
000000764050070000060040050006021037209008000000000690000000301402800000608700000
000090400600030500004000300030600008000803005210000603050701030701000000000004870
095000000200004650000006700438000000000738000000000083000670800104000000000000021
105000009007000002000418000000671000030000701020000005506000000000160070000005180
000062000450000000900000850003600000007150000000000537090004020000070005278000003
001400000008600000009000610000000003700016000010030056000003960000069308690002000
006000020205000071000302000080624000710080030000000209500903006000000503890000000
050103000730000010000000780003095000000000001205010009000300420302400000070021600
060079000000803002940000005000000690700032000390008000002104050000000140001600800
000010050143007000000620410000451000790000000000000206578000000000248000000000603
010003007000006300850000000000240010184000070000070040000529000009000400201000609
000060008460050000000080026001000063003002010006003000000906500580000600000500200
045700000000100800008590700820003000000059007000007204134000000000070060000080050
000000071050470000790000000005007803802000605000806000007025000320000000000000124
020050700000029000410000300006000004000070065145200000860000010001000076000103800
035200040000000520000107000040001800001340000053080400000030006800000005002710000
000907028020000100091208000709000000000000806100370000000054000000000032958000000
200000704081500000000340000023800000000003801800005000000090060009000030500608000
000000192510000000000136000000000401105003000003910000050308000000000028098000060
005009800000005270803004000000030051000080000410000006004700035009500040570100000
309000000100860040400700280000059000500001000000000520000000006010480030093010000
