607050300000002000000006800006904015000680070390000406025000000970860000800000059
014050000000040250000910800001003006000004019486009000000600592600490007900200040
892000100100904005000008970000300760000709800710000000236000000000096034000030007
010508000020300504060000002000080200007960050109070000804009021500001890001002000
000305000000410062510000000704050000102064000000000384291500000050641000000000158
502007000000465007067200008070020610000701040021050070000140700000070364705000200
020800300030600248096300000000007639562000000900064000001080067000753080207000000
002060079000205000009370020760000304050080000400000005000537900035800600920100803
025006000001098040000002078000100080980604000000280504500000403130040807000820900
010680070000040085290000010000014702103000500400007100000100654306400000001560007
000249070000000935819000000000673000030004701247000000000090643000001059924305000
005709100073100000009000875207030000090021040000040280960005002500302007000000508
100000605809005000500017000034008000000600308000923400000152846268000500005090020
500713000000000547708000000026800000090300800080002950804000005000080401002045080
006000190050836000002400500020000863900284000785000000000002054530068000207005009
000730014000802030370400000002000806005210003009006200540000000000000742800043000
000039000380000000000008071745600090008000000000503047000410000102005400463000210
000007105000086700930004600091800030683100000000460080178040000000000059000028007
010300002090000607020508000000000361008006400206041080542100006300420010000090040
000060405002940000401000082060013000009007500040000120826300000000800253003290001
500700364000940000140060050000000596006007030004652000000526000000000703482000000
420500109100080056000012000842000000700408360600000748005000000004251000006800024
050810307703090000400070102000401900000000436094030200000105600100000089048600000
000090067600040002307000900201005080700920014000701020079100000010078400000009800
004060500005080020007050093080001002050803006010006007300600700200000430500930000
300678000600000357704009000000000873090007005060504000008760100005000768406020000
000054000271000000000000307000806005010000746623000000106000000000073029002695000
607000205000900017450008000000037002085000700000020601000106074003000590709300000
059080000000100597410030000004790052005000070098200010000002609900006100680003000
000004130200873000600009004020790008008000002003420009090030740070940280040080600
300510002125000006060074001002805600000100830618000000000000298256009000000427000
910000060002006010040003020030750001000340005520000093003010800000490100006035400
295100407000967200000200108402000000800000732600780000700609000084000000000024970
000000641890610000010750000054090180002401090001070460300100000100009006000008709
090007040006009070713000026300600000000500601208700000000053704030010802845000000
001000068003080090002901000000730200370010000010000500100209604450000701000104005
090150040006040009000070506010068050000007090084095001251000300400501000000700605
020860004465000200008003610080004000004009002000020467017002040000400103002380009
005000790090065000031200000900004850058700100603000000529006000000120086000070004
800109007670800040000703098100078000000000764762000000000010500027000100001987000
010400030590000017000197000400001700100045600009708500921070005007360000004010009
000852300835000600000630500080000046000209000960000210108700000000000069400103000
306170000000000397007593000000000845943005060000642000134000000700069000000000452
140030090000060024950040000000020943000984001419000000004000809007008300001706000
006407009080200706090600020073020000040083000000504230850040003000000907400069000
530000206004906000600003405276000000000000583000419000000045060005000032069780000
100000720009030080085020003000000295090270000021900000900004000806002000000000837
900000060607080030408790000000102507090570006760000001000007205020004600809005000
010000408039082070080504103000000314000873000263000000045000730308200050000730000
060000409090005006030607000900080600200000780800460200009310020021970068004006010
301000790094800010000070034082000100043002000000041302506200070430000009000637000
500361000003000201801000604730000060000529000050000040090000128010086500385900000
000607000200005100600080500090000381850060002320900005007051006013000250000430018
308700004000204080940000160000050607539000000100342000063015000014070000000000318
306000780000687040001000060000070005960003007020090006030700100892000000070309200
070102900000905300010000800004070006003090048807040030950000070700329400400000089
100000059000030000026540103500204000000010647400000502038000000000402000204000095
100006030000007060209001000000060418641500000020700000000070809004080006032000500
900420000702600003000000592000206005100030407203100000020060930040089070060002000
100405070400000090600071050002050600036000107001008500060700002090000003000240005
000070021007200850005080000000610009830000000700000215000002700020703008670000500
042000090010000060000230000100008603306070800000064700000647900409000006600001048
400000850190050004500820001001278000006010020002000148080309000070000402010000035
040803000000700531309200000007030962090074000013006004000051300706000410100007600
020598000080600050050000073500041000400083009700000034001000640000819000003002100
403060500000407300509010006800000472004070001907040000090000068000103925080090030
080010702740000013000830000600109008000602004109000007000021080865000000000008340
090005700057806000000093256014009000000030604008600007100050060400000075500362080
716003000080062001000070093000706200000400508861000000579000080600050070000827006
200001500900504720500007100020010085005026001030050072009140000000000310102900800
000000972805000010000417000090021700000040829760009000986000200051680000000090106
005400907491020000000560004150002000040008090000004810000000783500340000307800500
530080090000056210400090060309000001001007604005061008000300100974000000000800506
000160000801200057259000000170000020004690701000000048000006804010703600920008300
030008600080000107000205000009060310000589060007000050500000001360070508200853000
020000004090000023008246000915000300000895000000000495800000542501600900200458000
003000961001040070005010000206000503700006800100902000009307008080500007010400009
050600042004700003003400006000040500210000000000052307400201065000074030082003401
139000000070900041000152000043000000000007590000205800000700986908030000704090000
126000070000000302000809000004030067715000000000907084000564000000000490341000000
045200600326000080000601030810000000030195700000000461000057002000030047487000350
040003700020480960030072080000020536952000000000857000007200601201000005000904000
086000040000837000002000890030056000007000260020708900800413000100000056240000001
000598000000000251465000000080040700037000102000029300701902060600410020000600019
120764009405001000000000641000000490000910002072030000010000504537000080090570000
000780005950000137473050000030001000000095060691000040000000903016007004300812000
070000090000250003900030010005098020098023400000005380100902004040500002500304600
008009034000105090092030050619800000000506002000900008340000600000020700000691500
002003480019005000003079020000000965050602000064300000400030297200084100701020000
003009020008020050000078060000540007970200005200097004560000800800902000020800300
300769002000020076207010009973000050008900047000805010710000300090300800000096000
100000806630701000900200500701090060000070952002030000000408070070600024014307008
000400600347900200020800300502090060700020090000058012089007000000009026003001907
090006270010008300070004601001200905004500036805400000000042087100630000200070060
000000490038954000479080000000009046000700012085410009000000925090162000720800000
000905004060100005082000006000700190405001000007602000800010730203070040700040800
310040900047090010009000574500001007900006005170005003792000000000610040000300850
004506000091300600006080340050107000140053007020000031800040050900030000400005028
503000900000910000106050003000001204020006005670005000800570040314000072000100090
096002050010000862020003000957080006000500908000790005300020080004679500000000690
060000305390007001000123009501400000003270000004000230000749000437000050000000640
800023000000000928204009000060000159000740000321600000000086090010000235090002040
260000000300029000900030027000005048658000000000683050000200194010500200009000800
040030000060000794020050000000005940604001000002074013080700201005810000206500000
070500309090400005510307040004150080005080210089070003000000720832000000000016500
600050000000309800790000300030000690080060050000010082021005704006702000079600020
080000904620000803000871000013004020000012090802000140400603000301400005008000439
001030780538000090000060030000402000023000600070006500152003000300201007900605002
000378020018000000000000079000900462072601500006502007500800004380025000600003100
200904008000006004473001000308020100002050680001000940037605000000800350020700890
000042950090010260870000000041700000009000524003409000200000096000063002100000040
006408090005600100009000007000984502150007000000013800080051000000000059520000000
009000027008050000523010000070000296050090008000164003284000070000400380007508400
100020800250016000300000901000000286020185000938002000005738010000500040063001007
026908000004000028000120004030492000790000040400000019000003700000004200278000400
000701090070200040243000070496010000000082009000090157800009206000176900964000000
007005020003842000002006490350080000000034700001000230630000009090700005000500042
190700002000309007782000006000030840007050600009064000000000569000803000210000000
306072000000100470050080300084010700000700010000208600040090205009026008208001000
900000306020004700300008200003800609002690008006527000000170050040080000730050010
000070605000834007792000000000723000921000700007000862479000000800106070000057430
070050300300400052000900004508004001100000823002003400000390140803000200091070006
870000000050000603000352000040623050310500000600000049001000970009030125002001000
100079000920045000400000206000000654000437000849000000008900013034000068791800040
020009046030105000040200050300006001000802069708000000003021600200090700609030500
001070080000000654002096300090000100120863000080000400200600047400105003300400006
000803026900002030200001000007408000892000400600000180029030007031600009000070004
000248000050000018080000006069800000508400200000750800307000080000619002600000954
000000728090508000071000900003000869087306040006200030200069001600000094700012000
702000560000050728500097000000502900907003600000000283240000000003109000060030092
470900000910007000000501037108000000000753100000000205000000783002475009791600000
590400000000960500087050410200005000850046200040000395308670000071000003005000082
720000009400800050000107263800005004300000700070006500007018006043000005009060300
000649000000000486465000000817000030000037600000000278000000063640200001070903000
000700068795000000000149070000015200003004500081000600200001006600470001100900003
000065000306000701700030056000890260905000007000300800543070000010500678860019000
000000928682100500040850060006741000090000057001000042863000000010000290000513000
007031800006009400003004100200040678600320000800000013040000050090407000060000080
070000091020070000090032080003600000008200075000900023700025040500001800400090530
000000918000471000123000000000800007000005049691000000008000394954080000000794200
042600000060318000000000961500000390630705800200403000000030102003070000009020038
065900030000000027009824000030200700046005300020319500400032000650000074100050060
500031000400009302902000008010800000040000289080700000306510700000006510000040090
005700008098000005000608010520076000000085307100302000000500060251000000000030400
500000713900087000200000050000000804000309601061000000030706180079458060000000405
810035060300000857620080040001506008000000403009103600700001080900058030160000000
100400700340100000600000100000020007017000563400030009960008050051000070000009040
008207000052001000010000804043980000080020900000030280600000032804000060000562000
050900100006500300201700500035080062082095000000040053000000431100609080720001000
302904100000100360800500090000090647296070000070080000038009004904002000000603901
041000060006500030000630040000006291000001004509000000670000003030060470000390600
040001678307008000600025001700200030030500260250600000000074820020050709009030000
160807400000006120700002060809010000004260080200040790050600030020000008001920004
000360040306010009409000307674000000100203000000000981040035000561007430037008000
005200009009600005007900006020000700040001500000892100870020030300000050000076020
020007600000352000093000100601000070002085006000000023000670000460000097105000304
760200000080590000000000873200050030000000187000084000907145000005009001001000305
000601704700400010900700020020000370051030800000019000600000405032008000000056009
000000143065000000000874000040160800306480000000000764000008429890002070700309000
000897000369000000005000194083700000000905073690300400436070000000023008700040305
000038090002000600403006200000305970040001062071080040000800009860123000204000000
000835029010004005050060080004380500903406000005000603520009000408010000000008051
050030709000060804489000000300700590794000010000201070945006100800002000006000987
596000000000521006000060803000708040000004381401000020000000234074102000029400070
020000900000853000040200503000000405138002000000739002206000070704321000301005020
019000006000000037007028000500700000104930200000800610400000953000083000270004000
301000400000247030000803097090000004000600003630000009205030000900075302000020105
800097000003050000000000427600208150000300876970000000020004680005736000096005003
040006820020500060130009000000000497304057000709040030000230000803060500002000348
000300090302900004907000030070040980000001600560000001000016000620030049040002067
032000000000803900000500103800020090300000082700058000080000367057000008003107000
000003148040890020867000000502009000009000203000261907980040060100000079700056000
607004100000003640403001780200500004000439005150000007092040070000020030048070020
000800700700200903235000000500000002078000005000043809357000000000308010000052067
003005910215000700000186000000852001002000837189000002000761000794000000000000278
004900100008100470009200000001057008000040751370090000610003000080000025050008017
600480307000319000000000814000860170280090000000070280105000008000938050004000002
020410000000000634604970000002000043568001000007059008040000975200780000710600400
000168000004300020003000150020000041000056000370020009610000700930812400200609300
480060000000010894300090050030001002061005000005008109003200980058109020100300070
061000000000060830000054000974600058520800000000000349290000006006070903005096004
010007089000408005382000000030000062040802050027540000203000904400070500058010300
000009785358000400900548000005810000004000872802600000000000397070195000460007000
503600000000000106006732000605020004000090302904350007050004090060503040010000070
102000008700304005000000736000080610490020000000060072057006200019502000020000807
091700000025900800000000540850000000000002006900305007009000465000036000516040030
068000003703060008004035000000900620520000080000700900312070060600000050000081002
000624000200009004904000008000062400015000000000800601000200870000936000340000920
000009804425000007009645100600054000358000000000300915000430000562800009000000021
024316000006090000100000246000407090370600000050920610200000001000168000060000005
820106000000002071691700080106000000000000524000934000000320100089000400010070902
308000090004000780900360000240000970009003200006905000600192000090070036471000009
009040600000007401604980300200000040890400000040003080000690000401700009060000234
008002400004000300003009507980070000450380000000050014120000000000400059000520080
000900400035000000000740600569000002000070005070080006000001820706005010890000063
000024000053000007000000168100045083200017000400086000090008250060700800028600070
000000507000083009049000000004008653502300000300504090065800700038000026000049030
000090640253000000000073500001005402000061007034000006100200360000710090540300000
006075004504000020030000658000000945000104006072000800040000019650000080010437000
765000009000500067080000015000709020500000600002030570000902031976000800030847000
467000000000000290002150000524006000800004005000002001000690080000000957985040000
002080010900050008080020056000100003010000780760500000098000020600049800000007900
000400105060500003057600000004080930302060010000030080100000428020006001900002000
018050700000000638036280000601905000000032001300000594000000143000624000749000050
000200085000105000952000000008070936700080500100020004573000000800719000000000768
001000500004030600030068900040000071000385000390107002200700063760800000000200009
842000000000080209605427008200390700076200500001000402000001070000740025780000010
900064000782000690000000731048100000600850000000900803006000329003592060219000000
070000931018900700090471000600000009009035000800000102700614000245000007001500840
700000024040190000082740000850001700200000150001958000539007000007065000000000573
060800005000901087850000030200000090900478000480000050007014000004007906008000400
107000028640700000000306000000029000508000900009000382050070431970000800080654000
580000206000020910000013080059000000000000628004132000000309805790500000030208000
040653098076000003509000010090081000100005040300004200010000659903506000005490000
000020000700090800800700240000009004037000000000067002471900000000500187006102490
000000560209300000605900030912000000000002018300096007030810005000020843027003001
500090042140270050200050010070002409080001700050769000004907000005000203009600004
000000236000510000493000000000000612306008500901027003140000020000074951000350000
060005800030602500057004300500000080700000020000930000605020031104500000000480009
000876000000000031508030000000000264350000000670904000000092640000017302096040100
010030090000090042249000010730000000000000935000613000000500609002008100001906200
041000005006817000807000003400000090000538000310690080020009700060042000050080200
000204060009000040102000030000540007625000400000100008090030570000017390270000000
060090478000100503090470000080004030109000000040003060000800105804000900000502300
910000002000287000020000036000853000003000060002000950137000000000145000205000608
010000980000950000073000000052030000307501000001000345509003007100000009000429000
400572000750006002200040008004000590013000020500437000000905200040000130085000900
850060730700084000300090040040000170000536000020000800006007002001659000408000005
704000905100500008005463000060038000040000720097006800803000004000080651000124080
000001400704000100100074905000000010000482000687900040840120030020003090001509204
452001000060004020000002680000390002000200735123000000834500000001860203000000857
070008000068005000000703814600080950200090070957010000040000106105200700006400509
804000000900004017000907000350000802480259000010006900000000579000045000538000000
003000971429000003000059000900700200005891000000000169500040690840000000000685000
790031000200097400100040200000503074002000560415000000000764000027000006006000015
000009412930002000010605900009200700000900504406100000600080000208090030003020095
027800000003000010009400035000076000080000040730000502940010300300007459600094800
000000723200509000408002000006030070001090060000020095870000150010208000050100204
700000908900763000300092007090156000060000325040000090002917000105000009009600810
701082000250060009000000001507300000000500640008100300000094013090000450340005080
004500009000804701830000000500308000009061008300090476003000140981000060000130007
004000186650402000087600040905008000008010570000030810040705000000020001860000307
000740010007000209391000007000004065604002000700008000040060000080420500000000482
008250060100000030507300400821000070000007005000003006080030200003040000056010700
000000273764009000020708000000080631009043000605070000000200085280400300000837060
000703000000090540927005000002050700079000006850060902543000060200500079000814000
910583400204000530600002000000810000146020008000054012000000067035000000000207005
102407000048006700007000830360090040014000950000754000000560002900070006820000509
486000000000000087000852000000038590065000300030045800000207005001500006509000000
500740080304008000000000109080000413070186000150000000809000034030000870000823000
456000000000094075000058042790400000030980050000200189001009400000802000005040897
000065701412000000050010008000008570530000010020006000209000080005300200000720650
000400085642500370000700040500000234000053006389600000820000400005060003400015000
065100700008705000040020900800060001600050000400010369080001036093000080100503090
050340090010000040000092010000037006800400005003028900402000100000756200530200800
041050000003009000000010470010703000000200381065100000800000762000842000900000008
000150800075000900040380700201000093000915000900000075098006010000071089017004000
800057049500420000090060030058100000124500000000000108000000301009005080081034020
010540060800360010960000050000071005190003400507600103008000900000027000401000570
000028700000030250423000000000200594800007000264003000010070086000800009082410000
000350070000000623763090400005067001098001000000009304300000789000945000910703000
200008003000603005100000094470500000000010240892700000029060000000052716006087930
800000940600054800400020600002000038001703000003002005090000720000100084050240060
270800000080000204090705000604000000000067010000031050849000500000593700005000902
260007000000461000300000516004920000002080003003000725125000000000000198090614000
760409000200700608000260009000804060620000800090006700073040000000610040006070280
100040002200000008600290005000000154090457000034000000005604270076000400000703000
000800036420300050003740092000400071040036000910002000001050000005000360300080509
070806500590000200020000817700600004800000073009517000405000780007135000001070090
000030467000097008108020000000602003235000600000000529000380000010000350390070041
597020000000690710000070290020507600060000137079460000006002301103000004000008006
051900000009765000000000594000247000312000000400090206500000489030872000180000070
406100070971000000000200040000069308100028500087030900739000000000382000000000135
097030000080000076000726010061003500075008060000005109000000625500167000306500000
000590000000370060078000400520000010000135000001000586010060875000002000609001004
039600000000000627806100000000700962062091000090020080000217000708004000900000703
000105020000008060971000000015000007004219000000800403059080300248300500300040901
300840000091000820080020150809002006530019000000000592000276001008000279017000000
003005070026000090040201050200000607000507003100030004091000700000049800050602000
000000179000128000615000000000390007001800430056000000100062700402000610560009000
000320050054000030301500090000048005049001006160000002710000800500800100000913500
030062800000803901820000300300908000900000034247300009084000000000736090003080170
103000007002051008600209001901000080008900460000607900040070006010000824030045000
182050000090023000350070602006500000000000209200100004000005030000038070705004020
000064502082100400000050300000006040700000000405071020831000000000200006000500978
020900000004100008000400003500080090000030085900050060030002400000097200295006800
003004008000908206018000049900000710300070890740050000030206000000000360069100080
130000000058937010000002903607040009000079800000003001000000690000718000340000007
000086050000050946605401000120000000000165090000000370279000000000602005000300809
063000049092000510000297000000000653000741000928000000000476005210005006500000934
800000490610000800000258100000000047040167000756000000009000081002600000000080950
060000821000836000879004006002007050000060017703050000900200600500600100200508300
060001907200964000041003800000839000000000629579000000608000390000150080400090056
906000005810070006000160704060000458030810000080409000000001540003004620601090000
000201003701003002200800065002000630083000047000435000060080000000000970018020000
000070905000943010289000300498000000000435000003000240560000009000100036000509001
300480005500000068004502000075000009000000180000231006000074000700020913052000000
060900410080300000010000280000020740801040060206080000097005001000074809158000000
009123006007000839304000005000070360010600070090801000001000507605000000000047000
000008020042069300601000000080902000000306000030000189400050901570000260000720000
010000087090740000860910000602083000008000162000009500000800671370090000100420305
182050000500048000000000895920000584005684000804500007050802000000000618090006000
000050912208010004104020005000004020000300870039005040563007000040600300000509400
758041000030000070060080001043000896605009200079168000300900100500000930800200000
000906510000103086076004000000005230400030600850600100005060070001000069009040002
000624000009100006658000020500006970890037000204000800000960300000400089045000000
002003900083004600000207400536000000000050013000439070040800009090340008100000045
827000004400000501000432000000261000634008000100000890045600000000900462090820000
003100000007300040009500630060000507590400063000025000904000070320004006100053900
020409700840000090600007002001790400004000208006010000002000057090005630065003000
000639000000008401768000000507003000900026500000005230000390070294000010000801050
810070025300000010207106094000030802601000000002950001070002006090000207000410900
001074000007020306009050002200098000470001090600000073030500800080400650756900030
000310000075000000009000068000005981030002507080007600400000076208700030007853000
100600230360520000020180500600000104040256000850000006009064000006005001008000675
000000768000358000189000000010080000590000600000506300401005000000000576008269003
240508300000000059050034020100040800380020600720010000008200000002000093003600007
602100800008000450000289300000541030873000000500003096090000085084000603000618000
008006300001003829003085000000038070014070680037090000140300000000800204500200006
030107000704000006006000072651000004070300265000096000010000420820900600000721000
001000096000700028060902000090800000730006000000400957200048300300000610570023400
000000738079060050300047000006059000001002007802000004060500340410600800050820600
003400000798050000400000967000000072260000009000312000346000000000609720000031600
000000517004309000002701040961040000040672000000090864600000753180000000000927006
000005008075002009260109007000300940000508306632000000020060890000090120308000000
000057201009010708217090000100304002045900000030000804000740320093062000000005070
000034000200060100300000506050080619010640080000091000001800003007100900603000051
400520007900001008700000036010439800030000902080050300006900050005706080002080040
000654010000000825910030064000843000007000008002000356000701000630000000000005489
000408000000000076905010000548300001000801004200005098050060200010030400460280009
400050020007031060109000005000605230090100000050200007000049000005000402804000100
000069028900200100806000900000420007012000003700800002057002000069005070000094260
100000654000043000805007000007000090069000041010972000000150207730200006526000400
000400015802000000600180900080097100000010508930000000245000000000048207008009040
900040008300000061040018009003009210000831000067000900079503000430000090005400036
300200100109000060000403520043000090090000310060037000005092001200000056900850002
000000465940080701500470000009504800083000009407008103798000000020000614000250000
730000400500080060000920010005012004001000625003840001000003740890400000350008100
200500390005200070000419200458000003000095000000004007000000831190060040043150600
201000060000002587800634000000093000358000200000021735582000000000370002700200016
740000000030100005000900307000050406689000000000039070803000920002003700500027060
008000196476200000000368000541000000000583000000000957010000073000019460724000010
020009030050004070070003080400000701000476300507900000000000403000542000609000200
010700000000690005092000001000354000500000400104000200000062000451000802060000179
902000000003000940000805000040062090090030000000080167654000003200000019100408050
010042000506080013008600090000974800053800000000000671195000000002000308030056100
001805020000002071206000000608000040740100280000407090030040800000020900480670300
300005001000009062601007009060020153580090000000040690000310900000900726024800000
000150000000800500925000004000070052003520070052030900230005000400017000000006837
004820037072600004000740006200904100900060300500002000080200070000478050021000080
430080900000902600050400700100070240904020060800040010000206008091000005002504006
120000009600020080700040005005604000002000041479003000537001000000500703080400590
000864001487000000000000058902000000700000265000407000800090604649030000000046700
900683004002940007004000905200009010105068090000001560070800000060102000020700300
010000004030500000000103086901080040050090010008071050002016300009800400105700000
401000000000100925000689000980050000000000754050460090807005010000000270032817000
004900605002000849008500000073010000680030007000065903806000050100002030000403000
000973800004000390098050000780000410000102080461000050800397000100000002507000038
040007000000068500090004200000000463304200000001050000700040058400380000835000046
370000009080000072000014000000960017008070030712000080000190300000300400901600000
008246000000000784934000000800002130305008000000601008490000023020310009080020040
970000300600740200300016070000028007003000425097000003000807030734000000000400710
000500007010900000090104002900010040306000090000049070009005400463008700800060300
000900806170006004400080100012003400854007000000004205005000030009610002601200090
074100600000040509000306040390000008050000907800051000509000030000423000408000060
201980500600000802700302000010050048070003020090040016000025009000030204108000000
006000500000172000003000400098006001000317000070000062600020940104000036000403000
000240809960050004500080001004720500000000628083500000000002480007405030456003000
020003040050000010140002050900250008600090704200860500008700200403908000002000409
810060300603040000900000810090700060060395000050000190107009032009002007000574001
500040003000080460042060005000702000200000680300600000000021006080006204625004000
000739000700200190962000000678004000001003600000000815410000700000090001030020008
300060580100780000700030040647900000030007906000106003000678000006000752079000000
104090070300002081960105000009081006002000893006009000085000200041600500000510700
901000000050029004000350007040500300036000702010432050175603000000204000000000863
010006000000002950040009000000020518800010209103590700002300071001280093307900000
006000874420000060800016000000769040790000000000003708004200000000600930007900410
000089060003000590945000180070000631100700040890610000400038006068000000000020318
000920008900010542215000000009000865000750000508400000001003000090001450020004109
060079000009008017070430060900000086201000003706900000392005600000046005005000831
192000080000200160000841020810004007000078300070000208000000892905100000008690000
320500006074300000000100243400031090000097300693000007000000624000718000539000000
570003000000000024000506000140000807000087090000950006008730600305800100407605000
509040070000039200000020190834000000050006408000005002081900000060800021000200846
040000530000103400090000100000302006270600003936000004008000040309000080004051090
500300000000100260900600700037040000008039000000800314070000908040010003052008007
010250000720000030060000420007006140401007500006013800678000004000304008900800006
001005600004300107003180400600541000500000002700003061020916000090002013080000090
709100000008056000000000187070049000900000624460002000004200058010305046085000001
605030000000006000000000071536400000049500060000000450190060020300005018052041000
900501000430000652750002030000000918000067000580000306063000897004000000005320000
000705000050000186900080000400890300003000461015004000000359000000008075541000800
568000000000651020000073095000419000803002004400000962275000000000187200000200370
012900308000063009000000574630000000000800900280790006008109020400328000920000850
000760002800900006001800007750006120030000608010085000000010760504000030000600080
962408000000000048000613000008090260095370100004860900740000000000201000000000036
000200417001700600047100003873000000000062300002000190000007042390000000700085000
500000630000105000309008050002000096000601000605003000000012407020040000060070103
058009300000004900020000160730200090902700050000605020000080004500076008817050000
900623000300094602600010340076000000010802035000400020000286000000001908034000060
604300090000006031009041000100602000800400000000100643020000506000024000571060000
800004700000003400620008300486010000200400001000900024092760040005000096068240000
613000009900030007000921005030084200045093000090000350007100003004300580000805040
002003064007406020063720000830000005900100040200300098320000900050032400000054200
003401020000000891197006000000237000612000000000000582860050403040700905300960000
062400008000180003008000092000000789700610000823070000580007300370001000000003810
576012000020090467000370000000000012305000000000084000000000308052003041000740006
050800040000004586040700000000002065905070000700410000009008600074000900000097200
700035000300006410200004973042700000000351000005000197000800040021040000003620750
708000010300000050500927000004032000000008300005000821090000008061000705050740000
600019000102040000900000146207000010010000850000320400000607900080000561090100008
000578000508000137004060050000400390109000000340905081080750003000000025070040800
009068000100097004000000307058610420200849000040000030000102000596000000000000743
900008300854002900200057000040800010080241050095000040000120037003000001008600002
004300090090000578002600000430010600006030900001050400300742000040000065010003000
680030000010020840070040100003208000851000007007300008700006050000000476106703000
004600070006430150000710068270004600000053000000060040030008000892006000060900283
301000004005814000800003051109007000000000306006039000694070000080140600010000483
085004300030007190029035000803010600006043000000060731300800006900000012200400003
100000406050203900008100000305008000000000019902051348020000094090800603060035000
096008000000006084000907601400000160560190000000860050000000718000651000321000000
006530000005700200092000510800006001600023400400000629030940000060000195070205030
020060070040003000009010060500900000300100009290700403003001007002800030071004290
700008000158000020200005700900470500027000040000602907090710000472000000000039075
000010783806300040040780000582000400000001329030274000000000256000048000603009000
100007090500491020900000050809003002052000000030502409004060200087120000200070081
060003098080000056000802043100600000600900500500000681875040000004070800006080430
600003800900006350100008400009030010000070528017040000042300007060107005090500006
000070040064089000800060590008900204591000800000618900000205009400000053930000062
020008000000000950060072000702809400409200008000300210000496300006000007003000091
000006380587000000000081200205030000000120004703000001070300840059800070030470060
400003015750090080100048000006002800501000009002031050005300600010600020680700100
500823000408000500300050900076030080000070040003006070000600004280305000090200001
675100000400780056000520010000802600000017008897000000000008461508000000000243800
900006375613075400000003610320610000000000134700050200008500000006400003000000081
209030080003180000000200365908000706000409000000800053010005600000648500060000270
680197000070000068410000020096701000807000005000806007003000980008572300201080000
300007000050000172000006500079038000001900780020070050700150043400300007010700905
000000450007100000002930000000412000960080002050006003800005000100020560405001200
030005060048602500000000701320400010070300050904250030702090000009034005000020109
000000538470038000380102000834020000001040006600001084000000417003280000046700000
901040002250000009000298100010700000000000847075609000509000000000926004004000971
600450300000100904408000600007006010105004060000002040084000007070030005030940000
000530709054100000807900005000007030000001080462000000245000000071050620000010300
000000809379000000000957000007512000000600050008000410736000500000075060590000007
000423009903000001600900004052030040300892000001000820016008000080304600000009450
000021008800000096607080000000500810318000900000168200040000189080304000060805000
050470000080060000000130409300704020700300050502000073200693000005002300009000102
000090568000076300503000020001009203000801009298000000017000000080000700000260890
000874000682000000000000381560002070890005060240098000004900005008100004036400108
100849600900070800800005900007100004021000005003607009056004010009000070000021090
085007000000059207002003006200030410100070030300420000060700021024600000000302960
350000000000406090020000670100807009200190004930000005001782000073000200002010800
013000500600935004000001006000024000107000300504070100030700085061400070005300020
056007000008910200000008437003684070089000000000090068200800100400029700830405000
400009080000006591105002000003500002560300009040760005032000000000010900000940720
020000603570002000400609200040000007039000008000421000308260000004000310702510040
000214000000000706352006000089000060240009080000035090030000571975300000028450000
000800062002900030609500000510020000000090056020054007173000600000007109400065700
001093000092010000005000891200300005510000309000540628000100980000038060340007000
150000600000007085800095000005380004608900100009600830570000008000729000020000073
008003900001629000009008520030700004040000308010830090700000050500060830100052000
050007000420009000000002861063900004009176000000000596000050680100060073604090000
600030071730060009890072003089007500007358000005009400000203010100400020900000060
500060309900030002000020650000600904813000000000807200000200736078000000000905000
006000040400120560007300001800000490600502000100000800062073000090000608000960005
100285060020010050070006020001500602705060100009301500807600000600000084000028006
100820000400030009200060038000003706045006200009004000064300000000140060030600480
080020040400070060705030000000700800000900500620080900000301009041006007839007001
000200409320908000090053002405002000000000214009804000000027340730080000500030060
600834000000000087980060030035000060009600500000270900000497001498002000000006294
000500134907300000301620500092000000000080056000046091060009380000062900129000000
000000019960000000000401030386000001000837000700000483000050302100074500603000000
000000402904008700700003000001030607056700300300006908087000010010900074000571830
008349000000008052746005000413500000090400063000203007602000000000012800009030706
000153009070090002810000034001029000406001000000000820792600000000900360600510000
349007000000806500000000410000900070470530900508000340000783004080010003735000008
000300700003000960800209000050600072040070006070030005405028000006003050000905300
908000700000872100007600500070250000090080010050000247109000073704006001000704009
000000985268009000500041000005900030400500010030020000003092507057038000102000090
002510000005020307094000500758000040000806070040000090500407002860209000400005906
007018050001600080009700010500002006000031007200007005960200500040000300030970200
371020000060030040020560090100380604604000105200400000052073000006008007000009508
004020090061000700007100200870006000000000045090308000700000301510790006600040000
100050000325060000800020370542001000000200481000904002036008000008742030000000148
040000020070038000960000570000000945500070600106502000703200050002006008000180004
020706000407000208060205000274000000000450020000020834000532000600000102802070005
001000639003760000006010000200107000140002050000005092910000008000270900000800205
000007210000009756471000000300050000054060327002010500023600000040800002010400078
400385000650090000000000528007004200000009435041003070805070009700600000000950702
109000060002087000008006940301600009600700005800300000010074300040000891080019400
470000090000300600059700030186075000540080006000000582800567000901000050000000368
000100659629570001005630000000000805970000000060021000006007510800064070792000060
000040013847010000000067004080001040010709060020006070000690500300100900108500400
528000030060139000000000406145000000000043850000005240094800005300090000000300694
359007000000600320000800570200008003500903807480005000071040080004090700000080214
300000807100008002000029500000700126000000750067200000200047000086500000005000210
102000800800634000400000900000908037000150000928000000000000074014769008057000001
000370040000506980360804000020045000640007500903000420006080009002050000009000001
600001500405008600800002900007600050509200080000400032010000805080030094050070000
